cam0:
  T_cam_imu:
  - [-0.007296869111397319, -0.9995167679094142, -0.030215664299997468, -0.16152484069938075]
  - [0.9999018314176779, -0.007654466536135385, 0.011736126687361265, 0.2644600373520215]
  - [-0.01196174020557818, -0.030127061090756746, 0.9994745004057326, -0.057058981020806594]
  - [0.0, 0.0, 0.0, 1.0]
  cam_overlaps: []
  camera_model: omni
  distortion_coeffs: [-0.07267725377352292, 0.21366108613682488, -0.0002476306519230702, -3.593759790260907e-05]
  distortion_model: radtan
  intrinsics: [1.869250277828353, 841.7819338706541, 845.4745834787607, 616.7322838753244, 513.5396649238177]
  resolution: [1224, 1028]
  rostopic: /camera_image0
  timeshift_cam_imu: 0.01030264152913073
