cam0:
  T_cam_imu:
  - [-0.012090193824419553, -0.999855662218247, -0.011936580054525662, -0.16276387250463137]
  - [-0.9998186645549166, 0.01226366930585921, -0.014568473591249595, 0.069196215857316]
  - [0.01471275708051953, 0.01175827986002456, -0.9998226230856262, -0.05764963323513277]
  - [0.0, 0.0, 0.0, 1.0]
  cam_overlaps: []
  camera_model: omni
  distortion_coeffs: [-0.0852169887757841, 0.171793902862638, -0.00047046977640472496, 0.0002935316020404885]
  distortion_model: radtan
  intrinsics: [1.8135158515598817, 823.1414275989349, 825.6865470335108, 611.1709713019246, 508.08188225309067]
  resolution: [1224, 1028]
  rostopic: /camera_image1
  timeshift_cam_imu: 0.010242328335128592
