cam0:
  T_cam_imu:
  - [0.009381228456212084, 0.9993138075096919, 0.035831643461275424, 0.001727935598765775]
  - [0.9998059894032512, -0.009994449459096614, 0.016973347736875286, 0.26404164764668486]
  - [0.01731981830273293, 0.03566546088995863, -0.9992136902552269, -0.05893668460403859]
  - [0.0, 0.0, 0.0, 1.0]
  cam_overlaps: []
  camera_model: omni
  distortion_coeffs: [-0.0865270093604823, 0.1735679889836554, -0.0012359045315924525, -4.6942434931879214e-05]
  distortion_model: radtan
  intrinsics: [1.8191412108682807, 824.1003406612581, 827.1388724677653, 617.346756985055, 512.6183196593695]
  resolution: [1224, 1028]
  rostopic: /camera_image2
  timeshift_cam_imu: 0.010220104217343434
