cam0:
  T_cam_imu:
  - [-0.009161824831286568, -0.9999544322906257, -0.0026822207392513085, 0.1578954274402656]
  - [-0.999760092529695, 0.009213346092658682, -0.01987137737534927, 0.06945631742916018]
  - [0.019895184110167784, 0.002499519175789614, -0.9997989468153652, -0.05652412531692775]
  - [0.0, 0.0, 0.0, 1.0]
  cam_overlaps: []
  camera_model: omni
  distortion_coeffs: [-0.08728204629131686, 0.18489667524094927, -0.00032052695185994537, -0.0006556348367980015]
  distortion_model: radtan
  intrinsics: [1.828919134443062, 827.3820931734975, 829.8856386321207, 602.6742221279312, 514.7118837726065]
  resolution: [1224, 1028]
  rostopic: /camera_image3
  timeshift_cam_imu: 0.010278773173104726
