cam0:
  T_cam_imu:
  - [0.0036309125168457745, -0.9987330739789947, -0.05019027211287008, 0.16217116326077938]
  - [0.9999929259102159, 0.0035770399268726383, 0.0011631486954732581, 0.2624868969994734]
  - [-0.000982142464836324, -0.05019414035353619, 0.9987389967706023, -0.054839367021749054]
  - [0.0, 0.0, 0.0, 1.0]
  cam_overlaps: []
  camera_model: omni
  distortion_coeffs: [-0.0963469824845562, 0.1658022095233272, -0.0005074654261759793, -0.0005262702082966348]
  distortion_model: radtan
  intrinsics: [1.7930084312388355, 820.3554461497029, 823.7361719372243, 618.2473233682355, 516.7194986857077]
  resolution: [1224, 1028]
  rostopic: /camera_image4
  timeshift_cam_imu: 0.010529907934980924
