cam0:
  T_cam_imu:
  - [0.01210629279081299, 0.999898238250694, 0.007546576576193262, 0.0019005262430749658]
  - [-0.9997735220589172, 0.012236197651995129, -0.017412066417520383, 0.06984238466520472]
  - [-0.01750263593776493, -0.007334071868924479, 0.9998199183478245, -0.059407789582328105]
  - [0.0, 0.0, 0.0, 1.0]
  cam_overlaps: []
  camera_model: omni
  distortion_coeffs: [-0.07625216672903193, 0.22734697600686876, 6.306981648380384e-05, -0.00021890633584051314]
  distortion_model: radtan
  intrinsics: [1.8642204469688985, 839.0240756027245, 842.0380667278677, 604.4356773423051, 510.2000280293725]
  resolution: [1224, 1028]
  rostopic: /camera_image5
  timeshift_cam_imu: 0.01032694063390864
