cam0:
  T_cam_imu:
  - [-0.0029008571271856853, 0.9994707244696285, 0.032401480769927604, -0.11715278346114806]
  - [-0.01469941406207076, 0.032355497637453295, -0.9993683249927752, 0.023440263103439343]
  - [-0.9998877498270293, -0.003375307510300296, 0.01459777534597162, -0.31702596813124384]
  - [0.0, 0.0, 0.0, 1.0]
  cam_overlaps: []
  camera_model: pinhole
  distortion_coeffs: [-0.3780348544752132, 0.12695639456315191, 0.003198869606143161, 0.0025589165487025305]
  distortion_model: radtan
  intrinsics: [423.44863656537643, 422.8055508373535, 309.3466084779265, 235.17841422721364]
  resolution: [640, 512]
  rostopic: /thermal_right/image
  timeshift_cam_imu: -0.03886508725790104
