cam0:
  T_cam_imu:
  - [0.0172324321270019, 0.9991430815900212, 0.03763171260763454, 0.13482769317954107]
  - [-0.006491531354236968, 0.037748310300631055, -0.9992661933089317, 0.03385016038159559]
  - [-0.9998304372760735, 0.016975499410697703, 0.007136463836675211, -0.34002503408110357]
  - [0.0, 0.0, 0.0, 1.0]
  cam_overlaps: []
  camera_model: pinhole
  distortion_coeffs: [-0.37532846446124213, 0.13173246150959192, 0.002571277848799331, -0.0007636509159326484]
  distortion_model: radtan
  intrinsics: [407.64366374683186, 406.69498575397546, 313.1370938061567, 239.03696784390246]
  resolution: [640, 512]
  rostopic: /thermal_left/image
  timeshift_cam_imu: -0.038560846547417524
